NUTS_0,2010,2020,2030
AT,597342,576743,515989
BE,1127070,1044110,1060210
BG,539135,492875,468023
CY,146380,127700,124856
CZ,1058700,839642,737482
DE,6835190,5761530,4839640
DK,993920,885360,852020
EE,258753,221031,191246
ES,2798050,2843820,2993480
FI,1189350,1080360,1048800
FR,3892040,3504830,3296020
GR,2303460,2186530,2015770
HR,245216,230669,219438
HU,396441,317545,295005
IE,349635,324007,282773
IT,5663460,5280110,5112800
LT,217272,231300,217607
LU,101338,86039.4,86884.5
LV,180841,175165,178638
MT,302317,289999,287951
NL,1638420,1620760,1519540
PL,3077700,3356630,3009070
PT,606825,553858,466589
RO,1091690,1103740,1048430
SE,1497650,1475040,1424910
SI,163207,144299,146486
SK,296048,288057,294395
UK,4483610,3490500,2961210
