NUTS_2,2010,2020,2030
PL41,247513,273359,240871
ES21,196516,196376,201828
PL32,97831.1,113271,114454
UKK1,92296.9,79687.7,77847.1
UKG3,70418.8,59274,55973.2
PL34,33636.9,38203.9,36116
ES24,113214,126143,130836
CZ06,103577,99923.4,100557
UKM6,171017,169730,168724
CZ03,77439.6,70242.7,67770.3
ES41,167661,184041,186487
PL33,130039,141245,115629
PL62,36732.9,43069.4,43641.1
BG42,62634.2,65590.8,65575.1
BG31,27167.4,26683.7,25823.3
UKE2,28993.9,27274,25841.1
UKK4,70324.1,63112.5,62759.5
RO21,73798.3,78327.6,77079.3
DK04,201435,197231,203470
PL21,196241,213960,192925
DK01,169165,138700,135510
ES13,42544.7,42803.2,43690.4
HU10,105055,84998.1,77780.2
BG41,120646,109796,106436
EE00,269231,231402,201681
PL52,128248,140108,117313
PL11,394692,428641,350923
HU32,33171.6,29802.3,29110.6
RO11,78762.6,85656.6,82595.1
UKE4,200104,124924,67899.5
SK01,32459.2,32105.7,33247.8
IE02,319181,299387,252245
ES42,144974,141662,152509
SE23,252905,245286,233415
PT17,125886,117591,105789
PT15,10234.4,9893,10190.9
AT12,186614,172321,149740
BE33,98816.5,90602.4,93109.3
CZ02,134047,112354,104954
HU33,29243.4,27676.4,28739.9
PL31,66321.3,79975.5,85328.6
PL63,418369,428097,426794
PL42,137156,148796,123576
UKN0,67295.5,57584,57199.5
GR22,32943,32966.9,32089.5
HU23,24071.4,21676.9,20452.4
BE23,139073,125495,128222
UKD4,59631.7,51771.3,48467.9
UKC1,83873,74592.7,70488.5
SE32,78151.5,77684.1,76675
BG33,68440.4,64501.5,62199.5
UKG2,58318.2,52867.6,49942.6
SK04,85972.2,79320.4,78455.6
UKF3,55449.9,44778.1,44874.6
CZ04,353797,245320,185913
DK03,372607,336170,316465
PL51,206435,229040,206117
HU21,66655.2,52810.6,49365.5
PL22,507807,544771,460300
PL61,70654.9,81416.8,81651.5
ES12,76860.1,82786,83447.4
BE21,200048,185982,188841
UKD1,24398.8,22354.3,21386.1
ES53,147219,141410,147000
GR30,1242280,1211620,1220530
ES51,561236,558795,597223
AT31,122230,119268,104508
ES23,26313.6,26758.3,28139.8
UKK2,76633.2,73565.6,71885.4
ES30,217514,219356,238214
GR24,135254,133438,143835
AT22,92767.7,92955.9,81990.6
BE31,28303,25297,25533.4
UKM5,102049,94147.2,94198.6
UKD7,66513.6,55286.7,53586
AT11,19869.1,20127.5,18997.4
UKF1,519252,300285,134899
DK02,159900,153205,152330
HU22,45874.6,40868.9,38789.3
RO42,108697,109782,98939.5
UKH3,137642,118009,108989
BE22,78330.1,70565.9,71327.2
FI1B,472805,426317,419804
UKH2,103569,86040.2,86199.4
PT18,100151,87003.7,56273.3
UKM3,62665,55724,52496.6
AT32,24965.1,25562.2,23237.6
AT21,28182.7,29491.4,27365.1
HU31,92364.4,59706.9,50761.7
MT00,339517,327148,325112
PT11,237017,220232,206853
CZ05,156725,123860,108266
AT13,66668.8,59726.7,56720
UKL2,223882,142992,91838.8
GR11,69831,69155.6,71626.4
PT16,157976,143578,111925
BE32,111265,101725,104961
CZ08,140921,105970,88823
BE10,29107.2,25707.2,25885.4
RO12,73538.7,77221.8,76929.9
GR25,100547,93136.2,72629.9
UKI2,160776,123802,119867
UKE3,38758.8,33975.6,32799.6
RO31,126123,128970,129099
PL12,361884,393496,345314
GR13,258716,198018,62690.5
LT00,222087,236110,222416
UKJ3,132137,111373,100614
ES22,51387.3,52989.1,55714.3
PL43,52386.3,67413.7,76348.4
UKJ4,206857,169378,164724
SE31,87151,86284.6,83580.4
UKD3,77952.1,64904.1,61425.2
FI1D,241047,238096,234889
AT33,34014.3,35404.1,33218
UKG1,50083.6,45132.5,42817.4
ES52,355035,352439,378919
CZ01,26266.6,22349,22370.6
UKF2,65291.7,58669.4,56864.4
UKK3,74785.2,72934.3,72474.7
CY00,164290,145602,142759
SE21,100489,101382,96515.4
BG34,203416,175645,160420
RO32,47268,43630.1,43940.3
LU00,101284,85984.7,86831.3
SK03,64835.4,64885.5,66498.6
SE12,151204,152553,144495
GR41,52636.6,53670.7,53201.1
SE33,64776.4,65820.2,63299.6
UKH1,260698,250904,248030
BG32,59158.3,52986.4,49897.3
GR21,88104,76615.6,49208.1
BE24,76116.3,68529,71374.1
GR14,57472.4,57678.6,55703.1
UKJ1,121625,102732,102346
RO41,206928,195623,159710
BE34,23803.5,22046,22157.7
GR23,102320,102643,101107
BE25,306050,294884,295173
ES62,128166,129216,138395
FI1C,305904,286069,278007
GR43,57582.6,53936.8,51167.3
UKC2,66151.8,60845.9,58359.3
CZ07,65946.3,59680.8,58885
SE22,247408,241008,226752
ES43,26989,27595.9,28413.6
UKI1,64318.5,48704.1,45678.8
GR42,172752,171780,170561
UKJ2,137071,119295,114222
IE01,68491.5,62584.6,68476.5
UKM2,262189,176412,103279
AT34,21985.2,21823.2,20157.1
FI20,26403,26412.1,26232
SE11,151639,140877,136048
LV00,174164,168488,171960
DK05,180952,150188,134375
UKE1,316286,231691,199022
UKL1,245115,216578,206938
BE35,34794.5,31909.2,32261.1
FI19,252210,212446,198825
GR12,117347,116141,115713
ES11,342258,353419,350824
SK02,112757,111711,116156
UKD6,213973,136221,73093.6
RO22,390963,398913,394517
ES61,534258,544020,567734
NL22,134269,155043,138705
ITI3,114006,110406,109327
ITC1,270449,246447,236685
DE80,130705,119408,108013
DEA3,331733,269333,206770
NL42,93335.6,81604.1,78718.1
NL41,231646,271212,238872
ITC4,554683,492536,479151
FR30,284126,258702,229048
DE12,277464,231128,188343
DEB2,26660.3,25344.9,23331.2
DE73,58612.2,54414.4,48437.4
FR71,263602,240423,236050
FR25,84200,78600.8,76149.2
FR42,88438.6,81203.5,76285.4
ITI2,40001.2,39530.8,36739.7
ITH1,13093.3,13282.5,12861.2
ITC3,457584,471459,457114
DE50,143475,133801,126398
NL34,169065,159394,156970
FR82,742056,714084,691987
DE27,85494.8,78315.8,74520.8
NL21,52247.6,52917.4,51169.1
ITG2,467859,467795,462097
FR41,229207,168602,118726
DEA5,425675,349108,282233
FR83,48766.4,48342.6,48315.6
DEA4,166767,140644,116287
ITF2,51724.6,47658,44740.4
DE25,103773,95469.1,91394.4
NL33,414665,421212,385836
DE71,204839,181988,168461
DE93,118197,111414,107382
NL31,50287.8,47685,46453.3
FR10,484401,402006,382292
DEF0,182638,154158,138947
ITF4,672531,669493,641207
DED2,204653,162130,118938
FR61,106314,96591.6,93887.9
DEA1,702293,551640,418308
ITF5,21195.5,20595,18722.3
DEG0,101484,93983.8,85118.3
DEA2,578111,462835,363163
ITF6,320378,161223,147946
DE13,106522,98309,92120
DE91,164674,137692,112063
DE21,286706,252157,235175
FR62,107173,98342.9,97761.9
SI01,108538,89402.7,89842.6
ITI1,595433,533869,526708
FR52,157197,144511,140162
DED4,78900,67827.4,57786.9
DEB3,123285,110938,105870
ITH2,19070.2,18876.4,18082.9
DE14,97686.8,88938.3,82553.9
NL23,38778.4,32307.2,31560.1
DE24,52320.8,49090.5,45015.4
DED5,174162,135770,94384.5
FR24,128431,118997,114270
DE11,353954,294103,244932
HR03,227955,216521,201798
FR22,117158,107040,100595
HR04,108774,105661,109163
FR23,455759,410596,386809
DE22,78529.6,73455.3,69136.5
FR53,174705,169014,165613
DE23,52840,50093.3,46995.2
NL12,74094.7,73665.1,72327.3
DEE0,171688,145056,119741
ITC2,5004.19,5193.9,4984.21
NL32,266717,240398,236576
NL11,133899,107203,105230
ITH5,368038,347400,334528
SI02,51064.7,50425.2,51747.7
DE92,97809.3,85980.1,78851.7
ITF3,371218,351857,351824
DE94,220710,195706,178273
ITH4,173232,171886,166629
DE60,87053.6,73425.4,66216
FR21,58809.4,54249.3,50617.9
DE40,390460,307380,227634
DE30,138407,108988,92971.5
ITH3,364281,371780,350616
FR63,27018.8,24834,23213.8
FR81,150272,139779,138836
ITG1,701311,664806,660276
FR72,66640.2,62316.5,54316.7
DEC0,146751,116719,86550.8
ITF1,106261,101396,97891.8
DE72,50162.4,45777.1,41097.2
FR43,56475.2,51340,47041.1
ITI4,348892,346271,328739
NL13,24910.9,23611.3,22607.1
DE26,72222.4,67434.9,62117.8
FR26,73245.1,67965.3,64495.7
DEB1,82457.3,76195.6,68736.8
FR51,196818,176122,168396
